41574
80626
84933
79607
58447
83778
62468
19773
41285
66348
78281
51415
97400
27612
77663
56357
71240
58697
71182
31239
49064
97922
35854
80596
49314
1784
52000
57520
89284
74449
35933
67398
55214
78530
37438
52539
6037
19535
79968
97853
18061
11459
50144
38747
81371
73652
75739
107
27495
25432
59630
7712
78505
27254
68684
71194
82156
25303
13699
17802
31015
99232
13812
58266
40646
25794
15606
29157
60969
41684
38038
44896
46491
37323
44405
7904
96663
60476
70423
24723
5714
78589
1403
17814
48084
3926
36086
63191
18670
70287
46148
6724
53961
52705
95607
55881
70744
58518
81164
5240
16914
4672
28291
68256
4012
37308
76932
80855
74290
76570
54308
31082
79084
24158
83858
77268
95100
71027
70818
26897
44673
9157
99866
52186
16183
88570
30974
50268
64429
66723
90167
88068
81129
22371
51047
38069
16730
39789
84594
64297
69337
70023
60141
54640
85189
8565
7123
54032
46524
12996
14980
52594
43441
49425
78571
86103
65591
5401
44991
10815
72236
74323
83811
1955
92740
47137
72407
79145
37779
43344
12036
5951
85343
2655
16022
44097
1035
76029
71714
88863
34483
74723
10085
41704
42589
20104
11358
93509
94051
79390
34628
988
33193
17327
41258
26749
48684
6726
74173
59465
5593
53525
77656
50361
66831
21332
74611
62751
77065
24134
44015
61327
29173
73956
8044
36994
92144
85684
17396
53014
43554
17240
26794
45793
46714
75523
66545
32692
80856
38855
76724
22415
97374
52913
75579
10747
72893
60499
63154
16863
40455
19824
69691
35638
53417
37582
99353
64812
87640
45595
85019
71147
56536
60102
60088
27197
28531
67965
92024
29456
67684
91015
39327
57830
54729
45932
93992
44369
29798
70006
92219
40171
64370
40516
92195
80939
88956
43104
52551
85490
40593
79967
27102
22022
32496
15665
96050
50538
41861
51669
55964
99608
33558
42677
83562
92240
91404
10457
61555
4162
70083
63223
25226
85441
86615
18298
70425
75117
34211
16466
57689
39444
81741
87755
93420
75813
28213
74923
62917
88124
43992
68718
16268
70971
24456
56529
77465
72955
42359
90816
49051
85156
54960
24321
22294
61597
79597
56339
37189
40807
23282
43194
37600
15585
22722
378
15326
95719
62977
95516
40459
5349
77449
83069
6588
12400
80363
99492
87815
114
891
42976
39446
79902
28298
44652
22985
17927
38854
52666
93677
90866
82511
57874
1118
56687
46449
68316
55728
95906
49259
32818
53815
93890
50420
9702
61019
66223
44739
95604
11276
36890
76439
55127
5654
44112
1970
99562
3520
49145
37430
84902
67195
56593
39382
96219
55015
13231
23611
22510
43654
22577
30006
53628
97261
82720
90724
99846
39000
70102
59595
4913
4868
64612
99298
80584
41705
43236
36837
99424
11394
81048
40454
42094
1733
93915
12107
33540
8937
44254
31811
95579
45401
17383
42908
85666
19714
4417
8316
46291
8869
95662
45286
39780
17199
77254
25977
71614
25907
95864
68122
67134
61197
48424
21145
1453
75260
45261
19335
19268
24572
51821
52169
96378
8302
57500
363
19432
17599
66143
5137
8336
87683
64316
76889
61533
88326
69442
78842
976
48186
40875
96303
18284
57731
47356
87941
14135
70532
27286
64477
95150
84553
54480
26875
45947
96443
17439
30175
8905
87072
75721
89965
50564
47994
9387
54382
84860
26050
86085
68942
21381
27867
66636
24595
16561
6676
98297
22871
52661
50271
67084
58947
14406
84728
79909
91872
56882
70104
41989
87780
30682
84815
65067
41773
55182
83122
95047
40539
38889
49353
11008
68289
40049
16657
65021
4568
66347
72574
39497
40959
71500
88984
73457
2599
1217
20894
10191
57795
4784
23392
48244
31745
39313
93332
12069
42716
58653
38968
80528
47412
6043
59818
23972
86501
11440
55864
7543
36695
41874
4977
87001
24673
984
46842
93291
17016
28729
71839
90115
18884
46475
43274
95083
21936
15427
32524
41999
42763
65761
16245
79900
41280
6996
42918
28752
40674
19482
48000
85328
19046
99585
92399
61071
3124
58616
55415
86500
1054
78139
96749
70502
4843
69465
92832
54236
61543
31480
36022
88738
54859
51000
18381
64455
62367
58709
21452
99511
8101
14452
84003
34496
48189
79562
31769
6679
33183
80974
84527
57811
30313
66360
38949
62231
71801
9589
43673
21091
90036
26061
44660
45906
37182
19556
19237
41114
92560
91408
41563
48216
99703
1161
61926
94730
57802
41502
30702
37968
56092
11585
59138
66376
16034
46810
69141
5767
98852
57136
63652
54992
81070
15390
75569
71659
49328
62172
16448
59069
97956
35468
64874
66766
57347
1067
6819
60890
24684
40771
61818
59719
21832
79389
12612
26272
31030
86595
31625
28319
38037
26000
7749
62223
20768
93417
26130
90915
64167
69924
97443
9368
21781
78233
44885
82993
80504
50710
72859
4534
7440
7323
60187
55611
24204
64357
73521
4400
14000
70439
44337
9744
94992
81787
14219
19512
51361
75764
47640
44291
8433
36625
77536
84181
11352
67621
13641
34395
51146
92226
55041
31267
93409
54460
69010
92170
58048
91950
86565
1575
13621
80240
31883
35095
28192
30792
52968
99301
48239
65340
49488
14122
43119
73088
73048
52782
37568
2568
70994
20955
65545
53460
24231
42511
94464
5789
22919
84529
4152
97778
14238
59289
90858
1648
48202
30644
28690
76099
18260
90311
39325
88823
38713
81602
32947
19974
80695
88718
90752
38564
89465
74582
97585
36869
85943
9112
71145
34089
48525
34224
16151
43117
35989
94141
55112
10644
71
16868
74255
32068
77442
68073
96233
62514
70157
99079
17406
61136
13986
53010
74673
75601
47881
88694
33353
92482
66812
12320
31871
954
97033
24045
15378
70659
89308
41405
51309
31671
51909
34778
83750
29893
41586
48862
96674
14706
57572
50699
7478
3929
88065
15122
59511
54811
57507
53753
3513
60590
4301
90511
88926
82850
78982
88100
25475
78911
56480
42640
62839
8984
80769
16282
40289
46918
9040
15678
48403
52399
64535
41881
24589
69907
90353
49460
29651
15952
4797
42452
52143
33048
51627
66676
36163
3785
752
20370
72462
5973
50167
42225
34133
63425
33131
51493
71675
40994
65401
9678
75479
53443
95923
69405
54583
19747
43599
46092
71587
82430
22780
41967
69115
63759
68018
58476
6059
64964
84421
22169
17643
37085
71435
3860
78616
79864
50314
22748
14728
44547
37161
90021
61590
7373
14638
74766
44745
94229
25415
79122
68585
1696
44454
18073
79350
13929
84464
57945
28611
43418
83621
48775
47113
48317
3421
10198
70525
67983
44196
35696
7986
67192
38676
72977
75747
95652
69098
32066
3951
44929
50906
49007
29047
55622
83344
74691
56879
42496
92018
46973
70003
48345
50074
99634
70327
33011
64355
99312
98092
82230
12326
58972
23638
67313
29135
68928
95151
4372
99619
48584
48843
50616
22571
72231
47207
60540
95479
52440
88348
67580
9343
47546
16512
40102
30004
6384
41072
67540
44502
24364
47456
55146
98213
81812
77145
89213
52609
85020
74080
72995
88729
95503
23093
66247
29460
87024
80968
97440
88483
90795
41675
52987
70057
52093
53036
9693
3155
25401
9131
46610
64253
60246
86609
88188
51010
59362
9118
8015
79993
8877
92048
79962
87549
87342
9321
70467
3071
57791
31095
90981
41252
39078
87461
16424
50563
48713
73655
91047
31249
38520
47630
18669
6350
69609
66069
62866
1115
67199
49691
99839
39468
71321
42363
30656
7627
63122
54632
66257
86417
76601
82986
18090
54496
29990
90939
68382
52716
57950
57230
49325
59529
55657
81253
25059
32670
89265
1455
73595
14060
34069
19762
67753
52762
80116
88557
69880
73654
1793
69767
49136
64318
94528
2948
53223
74737
72552
77705
36350
89838
55904
75961
50226
95054
41153
30598
64939
61260
17095
15282
51524
43442
56600
68734
15725
21142
34289
12767
90798
83249
80434
94519
94602
18417
28793
32980
36714
60526
97413
12663
51219
19292
80658
27630
10058
81287
70255
72673
76137
72240
29774
52327
35784
64448
3901
81697
42652
96229
86494
32254
37209
79974
26310
91952
16177
32255
36788
81193
60279
62686
91855
45770
61316
17793
80614
94990
73437
5971
32613
40687
29164
9282
88214
25782
28309
61662
53068
89057
12288
77812
94733
17115
75641
64317
39667
64444
19180
17008
14333
13396
90035
82005
87587
54659
37074
65451
87706
49591
42630
45259
566
32764
12207
73023
7805
3871
76211
41738
2732
90880
96627
66966
61967
97806
82149
89416
53190
43643
51986
4802
32536
5595
29624
56103
7664
18182
24622
34718
97254
49752
92604
16824
66438
92004
98745
94580
47276
72195
44238
33363
71209
72819
19186
99384
57683
22307
47245
79330
35748
75470
54362
43591
37196
3254
57395
41859
37227
54919
64710
43219
50326
84700
10743
53911
14944
29401
63821
7670
14597
95901
50687
84494
85203
3039
10547
78492
22915
16954
33494
61344
41293
54277
66085
53920
39586
55095
42673
76697
40634
49558
96252
72887
21359
45797
68724
56368
86140
67095
4285
796
48989
19622
57034
28580
39101
76149
94095
35929
1535
47358
39800
28980
54836
3515
77150
1107
94951
95301
61178
46051
7697
22362
54163
47503
73335
89076
25801
92624
74528
99877
60084
83486
15536
57152
33
1688
76857
87536
80270
29733
45634
32567
20745
3222
13102
37956
156
28386
97926
69676
47572
67531
42240
15944
43811
28241
95103
13326
51626
86908
47053
1763
92600
89916
65228
24532
3831
36629
23805
57746
65317
22806
57175
89104
45116
41442
67111
50470
12650
54033
41392
9504
17595
90523
6606
54048
43435
38498
79508
16589
8952
53861
83166
98582
8146
32399
75188
76872
30845
26679
10873
14283
87974
4899
89783
22180
63743
92642
69050
22189
13249
59842
30536
49884
58576
91609
91268
50404
42355
628
82868
49217
47797
87319
28772
59708
81233
73724
41544
74245
39190
15261
37118
95332
29347
43058
22285
56105
86972
11179
38777
67819
73530
98857
13374
42891
17223
3511
14768
62083
1190
2486
57588
10621
51967
26248
78424
59430
19362
57730
52546
41698
75214
70463
73613
76783
8847
78064
97265
65891
46409
61347
64528
55120
52882
43000
6160
46035
6492
14276
56641
93529
87365
54357
93525
23492
6302
8303
87817
44622
18678
7994
42561
41022
3193
33782
25354
36608
87003
62314
90100
71390
41146
51351
85105
71283
7117
51395
55993
33657
85084
65012
89784
3142
41555
41027
70816
58549
14850
52119
65666
900
61405
5618
69482
44379
19607
51523
87944
91521
77676
15604
43580
52524
9225
59540
24590
88285
63864
60877
50791
12719
24230
14034
43059
3875
10241
83333
44696
13727
80002
69576
83010
76956
1138
37024
91597
18194
75973
43355
5322
83569
51641
15251
55058
77263
13382
7055
89785
72161
90540
80281
13118
57194
70270
43342
43888
94994
2031
72743
5536
96644
38169
49878
20679
20704
28767
34038
65420
7633
71153
85458
26836
65235
85667
3416
28866
69832
33116
23961
32674
79216
69484
7068
90732
65970
46310
61930
80922
79407
53352
62817
59563
63062
43174
70674
15532
72744
39834
68592
69527
81502
36003
80723
81958
43909
41422
47858
39994
4309
78897
90445
46054
26750
79959
64925
93990
56900
83845
89267
65361
51607
56822
12818
22074
40114
66145
34212
79306
74709
77125
44564
7076
26821
34225
43613
69957
7073
65323
31069
602
48892
50485
85628
59831
65467
2849
69238
6433
32070
47063
39819
3352
24219
63269
99913
84610
56235
43743
11624
1167
43081
34041
48576
13439
67880
96709
9845
34829
62549
98902
60375
53662
15461
65544
47430
62879
68787
21106
52999
4625
41068
1861
63944
55619
38816
31576
18992
4561
94567
59582
87188
1742
49585
50281
51362
3317
60377
66814
37720
42726
97826
55883
58957
9109
65313
3422
58074
23653
85066
91947
91356
91671
16068
12807
61516
41845
57988
18834
80142
61032
59288
79615
35443
97868
73906
8932
42819
48013
98126
44393
38795
89318
67989
57826
12429
21205
39416
80275
58222
85477
61792
31196
79702
96889
34868
68054
78837
70697
58112
94500
32741
38840
96981
90474
36199
56888
25880
44775
55209
37461
38585
8186
31286
53837
23929
45354
42232
50728
84883
67926
15355
15399
23172
75950
32532
59134
41343
29641
87317
18595
70161
2811
27023
8701
91546
52280
80311
42052
18345
93396
12931
63611
68309
44446
45926
7103
63524
80162
55956
23917
48634
78075
71893
9766
16353
85231
76053
3560
79126
92110
7080
41489
49002
48334
32512
81907
30900
75768
57324
56763
22527
96411
33640
82664
43210
839
44072
24864
34969
87093
45638
87308
92376
58907
8595
25982
13282
38346
77938
53248
86737
71787
55568
10779
89300
44545
15608
24141
44758
13662
5921
62926
97211
75893
15175
8650
26500
61891
96781
74916
48023
6349
14443
91222
97029
91256
86712
63982
46661
58346
17388
75511
73831
46826
32143
93046
58420
54529
62546
84607
67991
43262
33588
80645
84257
21414
33780
45759
22736
97498
18347
10681
68380
50275
31725
43456
12144
89649
45326
69940
80035
32776
11650
75181
71867
49645
93614
39993
52108
8798
98418
77645
22373
85890
6438
55413
24540
47639
97277
8308
75769
53583
64650
56997
9416
2391
95074
88996
70910
26971
9476
7498
57233
96519
68792
33887
37142
99289
32518
42732
63166
72720
41559
91523
51050
49816
38951
22077
41765
44825
84404
23940
85364
46312
38220
53872
75509
38569
84953
44171
79854
36033
7684
49273
83151
56981
50752
92812
39944
50315
28930
60455
45271
66740
90251
87855
64454
69087
67125
17486
56120
56311
72148
37802
48148
3575
31975
68405
52141
49364
6436
60975
4426
76033
41337
84699
61770
97311
86392
87880
69346
14074
79666
35878
60053
49040
53630
34410
61008
69384
47920
85194
78224
77338
13148
89990
27076
65294
90618
5344
39402
20500
25051
48036
5793
84390
78677
16504
56595
70984
44770
10938
32056
60691
29913
55705
73905
44837
25805
39995
72905
81738
56737
23040
53164
54515
34756
10665
7398
196
14429
45084
3992
82015
87572
82117
69406
37841
299
15408
77074
25024
57178
64026
85492
10353
62790
68633
2187
41648
70972
16842
56721
94569
91503
29932
62
43154
39079
92513
61605
89014
78766
8048
88879
56945
69390
76206
6066
95067
26249
8666
50196
14309
3233
53512
28692
96196
18082
30255
27871
49147
18652
42249
21278
95393
57654
60715
64749
15805
65344
77730
98053
27949
33520
35006
47958
68641
90893
14385
73251
90514
43090
6101
60081
52826
65825
26058
9305
7129
91100
14671
27145
14983
17967
97659
24106
13572
36382
56982
37336
15600
18522
74959
99584
30051
44398
27395
46163
48966
56063
96812
23128
84280
42656
46028
53496
22027
59399
93028
57750
92698
95360
83614
547
93660
74017
1283
47815
49930
72076
44751
670
30470
33138
52388
28742
34044
75736
46171
19754
17407
32941
68819
84007
73688
44346
71841
45594
38060
73380
82390
81056
89052
51476
33669
30241
65969
70243
46383
77781
33362
27974
79800
84589
79969
47037
23706
23209
93320
38173
54084
3954
59168
7753
90132
14152
99774
67709
36530
48193
65927
21397
79831
8111
85449
25691
79178
5323
66759
90339
47733
11611
27412
67035
76175
58805
88294
88665
54221
49686
57211
16352
14268
48907
41218
22236
23422
70407
13288
41455
71613
90439
40904
91429
82701
99526
82711
54094
49869
65702
72826
27815
82627
8551
1344
60724
18076
41974
85689
70827
31041
52752
44341
44703
48322
945
50304
54512
82182
11769
44102
63146
14970
708
86351
79369
11023
4989
65928
78581
21734
63358
52285
40215
11035
42787
80431
93744
41788
61106
12804
65015
95538
74623
6153
28979
82389
63515
53686
63943
13109
87604
59452
29697
20038
3002
40465
37719
58175
2845
60851
37242
7893
26691
29396
13066
70139
93090
39608
68822
33581
36873
4599
40797
88473
55379
33241
56657
28913
57601
60561
86040
63180
15482
47294
81613
25169
42745
19686
21531
32146
17038
86481
10986
23531
7040
86281
932
42623
10158
46862
99168
92759
79201
41815
58646
27637
49221
9680
69809
37758
13701
11163
87758
44955
27909
74158
11201
44548
92858
20850
76338
55457
1978
35738
39442
85264
78959
38011
20617
4757
43357
81690
40280
68167
18028
81215
70068
16710
77837
30383
31772
74867
17181
3820
18158
6341
42499
16048
52688
96799
55071
49459
77012
38200
41080
62544
1542
85595
68048
20375
91728
63258
56474
58788
91590
45257
70596
65370
94068
10340
25411
14313
66768
75100
98035
80790
61207
6126
76022
63039
28273
76852
14088
7584
87819
53177
88175
26658
84001
59525
45650
51225
32925
66637
25082
75307
5424
80180
80871
88747
80133
72250
6530
61968
21520
57810
20235
61269
48551
44270
99763
96850
71657
65922
79861
92143
86749
28655
29360
35685
36804
36360
95954
98404
69914
77261
35666
16707
53704
35957
88881
85387
30372
35867
99712
7935
41176
12421
59859
41621
3290
38696
83328
34258
93709
20946
11309
24924
84117
59610
77162
20526
33100
19878
67365
84544
89099
19669
72612
26410
39431
21517
48992
81751
9294
96465
64975
54565
61179
15305
77366
19851
30000
11009
38516
36268
6578
13752
93092
5628
54056
31731
53431
36379
85799
15234
55654
95118
60587
44711
29063
46056
60131
45631
46506
83673
32001
95550
56535
86987
12691
45332
82672
3671
63882
74259
30236
1155
60507
56221
44805
90604
66122
9669
97998
80127
9587
7876
50108
13815
44728
50973
22302
58484
77108
465
3022
99209
10832
40072
89999
78867
76266
92401
68447
40957
28216
17191
84438
27450
65232
3196
92629
42874
96621
25700
79742
56930
40616
65166
87153
60960
74336
86855
56918
51109
54557
2212
34705
26103
46455
46959
19153
90008
88408
70063
5832
49226
60868
14607
96790
8731
76668
56294
11093
17695
4007
31793
45717
75408
35754
57256
80749
76495
82303
86443
96761
47819
78442
95754
56956
76180
18441
34677
85346
84352
54612
65204
9018
74665
20243
72723
77007
95558
73179
68968
94685
97567
93523
56579
57405
41204
57052
77370
59982
71897
46825
31355
17285
17839
74873
71383
91380
99436
48481
75863
41919
1502
13995
3788
18026
54484
36309
1620
64227
22350
18306
34942
67298
90746
64089
21051
91247
94025
6202
43394
89589
34637
29193
47388
41010
54068
27843
29780
18368
4343
65793
18812
8442
80654
18574
19488
13035
3642
26638
26118
37866
87102
35056
95501
86714
14682
21031
93753
6976
1598
50259
22164
20202
36426
34540
264
51276
689
38118
94632
50876
55937
62860
88388
53665
67914
7009
67193
63717
83669
2553
85225
87168
67160
33572
1132
16956
39337
81869
91366
14959
49033
41505
41069
94249
86192
59046
72432
22531
64959
66612
64004
54076
7730
49063
46798
93385
48362
47318
46285
59296
61337
21909
16621
94062
5949
39100
93301
39099
49433
44251
50142
20750
35305
63826
72954
16904
55049
62446
87368
13388
99944
85315
98349
21370
76907
27729
78593
28124
66351
59517
36119
16603
71781
77683
69668
97108
84793
19963
34179
63396
73980
28644
31094
5532
21556
89020
44199
55205
19800
7665
77594
11829
37583
67024
65095
79660
53349
74554
90537
10785
23310
17771
31698
65403
86384
92419
3178
53406
27548
14249
8106
10552
38921
25372
54981
11415
54005
65538
46658
36303
23628
14820
56601
56804
7562
30870
56102
82813
20520
6876
14287
84160
11609
2310
49758
88794
99891
44146
10005
87480
41977
14704
41663
45665
36535
17833
29686
80791
63173
55853
62183
81177
35814
83268
99236
19602
49974
59148
99078
39065
79619
52731
87948
19705
35254
50261
80863
29323
98684
48184
38700
23403
94185
24357
35930
63741
18892
4539
49592
81548
34688
48168
50574
42435
41194
79086
80519
14256
79950
64626
58028
61866
84453
36603
17080
58142
59347
38381
13784
22674
95664
85978
87918
83775
31197
43562
57892
17940
98749
68908
92328
82171
30815
55178
85302
9637
65303
70253
97060
22888
26748
12633
86310
56041
72263
80785
18294
8403
44108
33449
647
67882
94961
10713
31692
4435
67265
47548
98233
43800
39616
91555
59444
96726
930
66372
8688
59266
43240
73672
32934
6434
28965
66303
58127
71416
26923
71409
78617
63092
23384
55190
86479
24026
24542
6801
84070
79222
88213
62133
38613
2113
34498
94988
34796
65967
3247
57514
10313
53273
24786
9703
24755
77494
63046
48025
30225
49809
86879
551
76114
13961
83434
31768
68493
76475
81131
58301
82275
14271
88596
72033
24711
64344
64554
53811
77347
4225
21446
41128
56198
88566
35628
77830
89853
85727
11949
19457
82004
1969
67124
50525
3056
80149
83815
69909
87310
85327
66276
84792
15468
9411
34808
12135
5868
15527
10622
15965
89496
22566
122
77829
23151
39854
15876
38568
11103
28003
76559
11625
46747
20662
58874
28095
66632
93187
72044
56366
81082
31580
45800
314
21633
14973
73761
61955
99476
85635
49631
50842
206
48574
58577
96039
28731
8942
1295
9955
96382
94179
86024
9090
99154
45091
43575
22122
1440
23139
62080
55688
42315
16684
1846
29243
1034
64016
45411
79457
34538
66286
88364
88857
69572
96110
16231
45559
34471
15119
15595
32478
54629
57292
45543
87573
74688
6291
90055
88565
51563
66381
8372
86852
78498
79454
45428
37472
58488
65327
46743
75735
51202
57716
26245
95586
76994
52457
93324
60101
57367
59076
40285
75011
31134
66384
93121
63544
2677
49530
91867
56462
2156
46698
68864
8355
57027
32291
76507
47384
38987
65199
41345
67584
63299
64241
77209
13473
84881
64818
46461
78154
56760
53269
5904
5239
58368
28648
61755
75676
43908
33304
9825
5978
49559
66375
19841
22856
21882
79614
43964
50136
66480
19797
35662
76284
36036
30371
78967
71566
58638
51155
24213
75862
42160
61789
25755
84672
82478
53761
94213
82940
80609
49906
7918
38821
79803
69451
3255
9463
16901
96580
51015
4483
33491
65889
98513
84122
98653
89094
15759
74669
73131
97520
98162
13807
56077
11507
89119
20214
82360
42075
57093
68401
35765
39253
92047
81929
13714
23941
30292
71908
98770
52111
8205
75587
72788
58145
78147
10992
28229
71847
10573
28237
21409
60464
84174
4458
1694
67163
45005
49116
93309
67023
13909
95334
62700
49885
21910
91549
48640
61308
70237
85076
2563
76403
84804
82332
5400
47240
6299
71645
67402
3154
52845
74587
98547
73117
9034
39263
74440
59099
61753
42520
67676
74981
5938
32230
41001
24059
72586
80423
74755
36516
25124
35484
35859
83456
62513
1581
16327
68146
52042
41118
29434
83398
58701
5859
94226
99773
26317
49672
25779
3279
38963
54343
17459
84379
66739
16196
70384
59367
43864
72112
17309
55999
76371
83271
10145
45602
67282
1379
3852
24902
42565
99086
69400
28313
54335
40068
67384
90016
96669
19964
59502
41720
9812
73090
67666
93870
76968
61969
63817
2803
48418
27940
71302
47507
73615
75996
20544
86995
70912
74427
32398
52203
88656
52290
71214
48011
58931
28268
14063
58923
34379
8871
95528
15780
61232
86894
86405
47500
77667
13490
94744
99948
61360
36243
4772
94337
41470
3132
8056
77657
56729
8633
11192
43407
42391
28922
49745
77962
94119
478
62406
33143
20536
73050
52665
46371
66578
47284
20997
7962
95398
66939
70758
35374
16436
11109
52686
85244
41123
63844
33121
90962
34502
20120
43265
59111
48587
93796
68245
30990
54731
72724
99588
31555
71815
54882
68919
63625
67247
43145
81456
55725
15183
53741
69500
42369
67973
77976
12451
51341
63151
86335
31345
91306
52499
98831
94578
9854
78933
27259
58909
1212
31439
26062
89455
89492
29868
28111
57220
36704
96577
17113
26142
81075
48920
58438
38479
66246
89353
57984
6292
26117
56953
45165
90421
58241
38101
20587
73279
7506
77817
49973
20448
80139
68902
90109
78037
95241
77951
9099
71540
43644
68391
23418
77577
57517
23118
65595
50748
1629
41587
55830
92526
58303
39802
91866
93334
47000
43946
10365
59758
22075
77303
20102
58360
59409
91841
58232
40741
55562
72524
80722
36059
24814
52084
8901
67321
48901
42118
70599
91288
15747
43038
62507
40326
69024
7958
18946
88354
85026
22297
31029
71172
43832
73852
68759
6858
1392
71133
47855
78469
28728
32134
18282
33285
24388
30213
43009
44186
49835
20610
66530
33806
52182
48305
76438
39195
67640
78510
97305
53689
12175
80594
67459
22064
98766
28623
44054
95104
34039
56399
320
82524
41119
27731
12870
26119
31942
55113
22721
70761
70725
9249
23998
79381
19566
58880
63385
78249
25131
52430
35259
59303
1863
59767
29042
84975
92827
53155
20330
44305
80160
80951
52738
29101
46745
9127
23365
61130
84401
44354
74722
23916
93203
62358
16833
13451
29878
90481
47695
47692
13730
24425
37711
90980
95786
87594
82144
79376
46143
66670
75333
50204
7731
27195
1935
92011
71372
734
52331
97372
55090
6861
16581
79728
8843
69271
79523
64605
59318
78448
39213
67870
74447
7254
29467
72837
67830
3713
44517
49404
34018
3740
24274
80867
38978
7487
5049
90599
5533
91565
79689
58795
72964
43501
48560
68400
55143
80583
20868
39873
71434
55186
46955
30968
73011
27461
39779
11688
71169
70559
82267
743
98489
61635
12321
65020
20298
26355
11575
30553
7050
52485
11279
30286
17850
98592
29064
7137
35795
51230
31995
46135
88359
23690
37256
68626
36383
57839
79092
73133
99405
95916
89234
88137
8320
87270
63521
65084
14275
31831
43173
88293
95013
34313
38013
75337
84973
73311
77408
75543
3085
73940
10031
85537
68468
54165
869
84091
92869
71575
88129
31674
27590
46935
91839
12088
98443
63036
11254
1800
70312
93336
96830
70911
87121
48663
23645
53043
69217
68591
56587
52120
57660
56166
24154
2662
25314
40193
52905
43487
59215
38188
94058
89988
2715
20171
67937
3331
41384
62625
24585
12434
52148
79237
560
89516
78557
87608
99127
14090
81290
91044
51780
75445
63032
68730
64031
88964
11614
44245
778
84248
98672
67038
73550
23212
34903
70741
3895
87731
72088
7433
43044
57727
48297
43834
64288
76115
77397
10641
51365
18302
99674
13152
43512
38688
27587
66407
15262
23057
46896
48718
71286
113
36563
83233
66976
40496
82641
9782
61022
49189
47280
57013
5867
43862
44602
34698
38658
84130
11947
70424
59795
43389
43637
4947
11401
97758
9913
82197
95108
18165
17513
11282
45266
44989
50772
79522
51427
3229
37797
69810
11370
81595
76654
83155
20079
31631
47007
74011
84338
68639
44314
59518
31917
81885
61595
19655
68920
582
64388
74592
42222
99836
94877
74945
72262
9530
43234
55237
33869
82918
26115
50392
83751
3900
68803
13174
76130
13088
44842
8113
46617
51168
70059
73022
30725
49549
99622
48933
45290
5932
64836
66163
81849
85226
90774
20284
97744
52345
56429
32742
98642
74373
21646
23426
79755
88521
16913
94869
43474
16116
80308
26697
86164
51064
7166
33089
59427
28279
69601
61526
24498
12746
37553
59743
65097
64436
53442
19103
74975
833
93598
84487
42972
99969
6983
30578
1545
52990
60797
2840
3046
95400
34084
73561
92162
1427
64853
61247
33406
46320
40007
82581
78273
69639
45801
96178
64081
13087
60267
94907
12815
10790
21715
31953
909
80214
88844
60518
85165
89869
25544
73986
50958
18959
1557
71244
69472
27800
60995
65641
50005
53965
22620
43779
25454
32513
56659
78174
28854
63140
63274
43084
67562
10240
36169
46265
54826
40796
78337
96441
13329
91178
77735
98472
10528
87172
98885
33446
6727
20513
68616
54828
82871
69606
58178
95197
54011
46979
74562
16636
48134
90771
897
2792
96327
24013
61700
35862
57357
90944
11907
43829
81247
55489
6763
96287
92409
96429
3144
81300
77525
33725
99469
13605
60889
88585
58873
55050
73239
66000
28175
53567
14542
35245
3574
9056
89708
26010
5786
97547
58896
68577
8292
17222
50670
83269
20043
60136
15177
66244
78637
73220
41110
13683
49986
93459
26800
14779
30022
62176
14516
80097
20856
20937
93410
43189
18060
50147
41451
90359
8679
98237
61951
39030
70603
37156
4217
40738
31815
80438
52038
3545
840
6805
20878
23296
50797
72411
92353
66647
69630
71371
75219
69046
78694
44048
35015
19960
85375
52023
71180
58582
62629
13177
60988
81721
48003
70735
97638
59123
67289
69883
58168
13862
24829
89135
40550
44360
72350
27572
39482
44471
62811
62610
95016
10019
29750
45458
90003
16988
69877
82933
33961
50421
74638
51670
87966
25294
49256
90437
10936
44826
24609
3139
78033
90513
65325
12112
65206
24593
61860
24866
48040
75426
46127
38548
74667
14032
74805
5389
9413
48990
16602
56113
92910
48556
47719
95717
67293
44724
30905
38586
6470
74845
9072
68332
86194
92228
97977
50020
53766
74197
80550
6134
3695
33480
48937
88373
57704
35282
85133
81836
23210
19659
513
25336
96581
47367
73605
77421
55681
72537
52450
39612
83686
1016
45174
27075
30562
90720
64387
57515
2979
98049
75913
43733
76710
67694
98599
82616
24104
2116
91817
67644
74578
91738
53937
28826
18945
1326
30921
79458
83684
41810
23631
67470
41749
54500
98431
79419
61056
69478
89138
13276
58908
62732
64188
73898
9441
32901
81268
9967
55139
90127
59716
86193
21854
56998
94301
84886
45658
54427
35339
71776
1711
68357
96907
32535
60424
89956
17317
49709
21953
35708
84449
99856
62356
47183
51840
49407
67501
31474
99796
37515
21044
97570
93558
69364
61610
849
57829
66208
18519
69157
23366
47944
48242
39980
48092
62833
21511
42421
2036
71129
59979
41937
24467
76591
46795
22695
28651
95127
74690
14068
60108
58089
1111
44443
45342
29087
88163
75106
30169
28267
46159
70027
95109
70834
7142
5646
99457
69209
86834
77121
61834
25015
81667
62980
50784
24712
2416
16020
35737
68159
64331
29690
43034
74419
74166
51208
54453
82665
95634
43759
28652
35762
62609
25305
14352
67579
1139
64628
77664
16392
12457
15706
9078
19423
43668
9772
21584
17514
44847
10033
96218
62073
76148
82657
44084
98986
27665
527
34341
19207
72011
65690
60548
18070
91543
77998
33683
11878
94214
29320
35111
87390
44214
74726
71816
61038
33213
99066
61538
60582
9552
79441
12611
71347
139
96805
47022
30756
27596
2234
38971
30861
58167
49660
31951
10405
95087
16668
97364
99907
46886
11439
74490
58286
53323
26028
77159
74971
1070
20553
25101
10924
24626
38603
34716
21885
22426
54957
71739
16909
21264
29941
85216
45479
75091
5801
81537
13742
97474
83691
99623
10290
47933
1775
87250
6464
53545
67120
11832
47844
80524
82157
59696
68685
46984
59987
37169
94648
5548
37458
30365
85290
95423
7490
46134
8921
40734
77499
79566
91703
79058
89578
3065
58949
54513
31773
48443
65911
46072
65620
17232
23157
99642
70047
38723
15854
32572
3153
82618
78350
71758
57001
79149
25676
75464
855
28468
17044
23439
81049
24988
64212
33776
13622
93923
18764
12082
43254
42395
98090
44181
43478
74282
72570
10958
22691
54155
36419
5798
63551
24888
28993
74101
53048
91760
21918
64175
93620
96245
15157
45799
94066
19656
60386
871
53314
44519
13239
45830
66805
23864
3075
39010
27492
33478
81994
88161
73073
54459
6234
60737
79608
23014
38021
24594
58495
71485
211
5028
79919
22254
19876
80065
62666
20791
5361
41486
34250
44378
80848
22635
58032
34939
84745
29563
94218
2078
75991
80299
7674
83735
55386
85692
69332
30037
76709
40670
29482
26253
17112
26157
90832
83563
51223
17030
74547
70937
89583
81222
46980
24989
68611
46075
49339
2026
22385
3829
73401
71715
71176
76520
40721
56342
19865
57112
17292
4999
66592
32361
37258
2528
7456
83308
58151
32533
22172
36364
65976
11193
72208
29267
45649
43306
18470
86117
74640
9087
55150
4790
63750
84077
72090
47802
33046
26597
80764
69833
99177
63267
44361
79272
30632
7763
78610
62208
68064
26047
48
68895
20870
22286
27493
96058
47308
83683
22512
19320
55845
76752
32044
42070
91594
4016
59011
67319
71373
82739
98351
15460
55043
71557
12882
36678
80039
59373
40849
31315
21384
80459
91596
79148
22139
61390
91663
42054
59320
82629
56807
62856
54628
89996
82619
68786
44597
75097
12959
21100
17841
84185
13354
15976
49142
6324
83024
89357
5834
14938
48811
58452
62844
39591
474
22982
97140
72742
90616
46907
92736
43287
84838
59202
91363
60775
33924
75329
95348
79019
23956
86848
74935
76696
83353
31032
19727
83446
48546
61759
61742
61902
28476
78844
74096
83338
88210
75438
28744
93305
52129
9882
85263
92291
25196
31612
62642
77690
49465
22418
75067
94412
88969
4041
72833
98529
80469
91447
4344
31523
18736
67850
31171
70794
75801
90279
44677
84621
75811
82421
9209
3057
70817
93103
75756
59175
62424
396
21172
57615
23427
58157
80884
71318
20402
11491
57832
5262
14410
31566
56361
41923
39805
75004
88680
17330
85414
39867
16045
44233
82018
18760
73002
63221
58214
87636
87483
85103
61205
61914
66537
88968
56782
6643
86399
59549
70544
51832
78777
93315
33813
78103
49293
93977
77564
47018
51834
77290
47827
55047
10923
219
60008
19868
62053
55941
28853
90282
48680
87563
97229
30114
66907
54369
81224
23497
86133
29399
95492
81325
86591
3987
65850
23161
67091
66174
6252
67347
38094
57212
87028
1790
86338
61788
95441
61090
62007
61672
55757
53550
84358
82823
88704
54608
96661
80693
43842
71391
76247
87022
73592
77899
18625
31578
81779
23149
44089
55584
77628
66595
3643
34990
52379
75460
95234
95130
80674
46887
47518
95627
77947
30317
5264
60014
36008
20502
80806
33468
99806
14537
1038
46978
52941
42683
51673
67104
36146
82436
15500
5067
3569
6408
65051
54119
33172
54877
55170
66444
85240
28348
61214
68952
88874
23297
84870
90958
20918
89677
94963
60502
16661
81306
13111
21226
29865
29559
10122
73458
7202
95982
86274
1894
50276
1106
96841
2501
63175
12053
15208
52286
78457
78835
13472
46466
519
94699
99203
29820
75870
80531
66434
60316
24904
54989
59706
84456
50499
55778
12241
61723
42940
45100
69558
83524
67340
93274
79357
20020
75858
62865
97669
33597
29855
15027
33298
38458
33292
85566
15274
95498
22549
42444
52867
96537
24567
66067
94758
1527
39538
88098
99658
93794
65150
72871
90951
59921
12336
39208
80926
74355
42988
62567
70888
79005
58119
12809
28995
16559
80404
36028
1803
45603
79774
34229
59379
33665
57025
30913
61058
60093
47442
87728
63573
28146
3076
43387
57942
18397
33749
48928
12263
1358
56037
29578
50
32788
75208
79882
26183
92942
98121
51797
68658
31110
29183
95493
85856
69876
6934
70840
54494
46877
84006
77418
59605
66683
88242
36214
60926
69687
35534
22220
4975
3113
97026
45550
332
90393
28631
98124
55604
28228
26911
90381
38369
87462
49034
74984
96595
26561
66118
83453
51393
88820
87846
6296
30377
37851
9021
63627
66471
84639
38338
30780
3158
80755
32257
13930
23625
82821
46005
53480
53150
76979
63125
47403
45256
89612
18460
42592
60500
74794
82480
9244
25335
26184
66346
31339
7502
18374
57295
55744
87521
41485
59120
48482
52635
28606
45568
41410
69942
76887
49505
89449
50809
24082
36398
10605
63476
60807
88127
38616
80339
48532
67524
37226
5588
49291
40139
3385
71567
63262
12081
98730
52289
52255
67544
57478
17783
69419
94227
99368
5260
85636
18437
41224
50547
39228
65055
86604
49763
38017
27143
97018
70786
30112
94824
74149
93188
44892
87034
61697
5958
39127
94815
25686
5698
52034
8637
20903
29013
99489
89408
56324
90530
59346
15165
62594
39526
16788
68272
58492
9288
41380
50436
44081
68624
63893
98588
86613
27603
53340
89709
21190
45112
52515
2760
29444
78299
75379
74052
32086
41313
43741
17276
91492
63809
97770
10782
86659
46782
18176
75480
90207
92045
52678
17455
22916
12426
41289
7590
58309
12867
80176
31165
81776
4636
25904
76207
15434
43124
4619
57306
31408
67814
29030
50539
40697
97116
49755
97398
30693
15446
71956
6124
57951
43295
53687
76150
99601
9876
19752
37508
58913
11675
49640
54306
22323
52254
17079
65471
65425
31704
39668
58424
51114
50044
95152
29952
79956
41041
89065
94019
20106
23456
63768
9179
90086
89726
63241
7223
31990
85186
60554
1275
77260
88912
81532
35692
72339
72055
77520
7452
13565
3356
73795
12935
58854
67007
16031
70730
85554
46417
5929
70147
29100
50997
84764
82865
75726
30408
96932
97642
44100
8885
65486
68979
46176
45733
47165
39388
6660
35076
35672
20637
98685
46236
45531
98939
76365
75247
96155
59162
92440
65183
81503
28622
41138
23604
86921
32877
73787
69420
7548
19229
3769
33796
15990
69093
93765
83327
17173
58965
85921
87826
60038
30840
97235
8784
18608
73844
81919
76669
1086
76106
98236
75821
48159
93746
95623
303
34193
27641
23304
39356
65542
5435
85971
27096
75435
38367
5520
95673
71592
60460
46397
64441
5342
68532
7930
34377
14783
97041
28377
35917
82974
3037
65495
88803
49128
45719
70223
52276
27423
55734
18966
45633
11290
13347
31087
31855
51545
86528
16302
40189
72039
79408
63571
99980
23135
68754
18132
66533
46374
47735
57762
29373
70632
79052
29516
55502
13421
60254
72180
39599
94544
1308
70545
24547
5748
67940
28704
58353
58378
30572
43597
5070
11664
36281
94469
98539
38483
3284
47901
44122
97003
21500
65101
93520
64746
53072
95846
17730
36582
6517
26159
66221
34450
12341
89821
36555
22368
58935
70874
80425
7650
17894
57652
16740
16233
32722
83719
13950
97703
59394
21528
92218
72230
78611
68578
21297
49180
12990
62678
67994
26426
10885
95350
18480
50453
31411
57440
58708
712
59250
32920
48961
88345
24817
68330
51486
16481
72453
17303
76699
51680
6746
41908
67560
32705
97047
60689
70768
57224
65767
46112
61297
14166
19472
45914
16888
74574
15531
92707
67463
82965
21013
35995
38973
42794
49663
30976
58454
555
48438
57334
98329
17676
67476
74200
45983
35927
48056
9412
63178
20034
94797
63213
9871
16494
31762
79560
94281
22028
74928
60731
25115
75771
20434
7446
39354
64797
62820
66026
29910
65618
56400
97237
84982
6422
46737
82371
52520
20321
15974
30376
52356
82414
92064
21153
82592
90637
12185
71278
85577
38295
88628
57549
80727
51955
99437
16281
34090
35539
29190
69827
33142
14513
48366
58810
6756
1808
51019
78047
19140
61692
95808
26211
33206
11716
46778
38942
24403
85698
41283
42754
50107
68414
82970
71150
33586
72422
34078
56917
25922
78429
46861
88839
23337
44540
9434
67650
80492
29048
68528
29143
69212
14559
90991
2324
35187
71179
77948
84229
94434
9080
83494
24583
49641
93691
73954
29885
3647
72375
90808
74137
86008
59574
83641
12685
45187
94197
22616
45408
142
49242
84941
77089
54059
30373
44152
18924
70053
75418
10373
71026
2447
94643
40487
25250
25722
56381
37574
84944
71621
57430
98253
42707
44698
38102
73554
9616
45008
82217
59728
45869
1040
9807
81066
49228
17253
47822
38486
30594
21150
15979
13204
4468
3958
75823
4170
80803
657
94863
34932
74050
76931
26471
82426
79524
55458
12142
65427
62744
77647
55260
13125
96492
79432
56334
59329
43825
85097
32514
33066
29834
44939
75132
21877
61478
46403
52712
36104
10173
5161
51200
15916
26983
8107
67536
4442
54718
58184
35063
76801
94040
44830
25529
69635
62561
78192
88122
16926
64335
25952
60374
11385
90305
62713
41607
47292
59333
22650
78493
44984
16535
55929
21915
65727
9438
5598
76620
51983
94480
49912
47082
35203
52139
56337
78164
25285
96574
44767
80015
41879
21742
18767
79012
54351
44657
38389
46987
34694
46448
83430
97477
74400
75666
51489
50816
81005
72922
50121
6205
53028
57147
36719
39933
94029
48934
20094
12311
51991
37145
97851
55300
87994
67901
83844
58633
19246
77149
87798
91886
28202
42083
78919
63909
12666
68826
47903
11700
55793
10686
96130
27029
25371
74829
39662
82818
95812
83752
34712
1756
49428
75816
9793
37743
55472
60426
9692
4021
99853
92551
44053
96105
63520
40437
47636
73403
10014
97202
4942
5738
64754
64236
2961
66173
5278
88337
32691
53033
53222
41952
71251
77635
45094
52847
96548
43339
6430
66775
17440
11185
89304
65252
98916
23982
30229
75339
39978
91304
6694
40939
36825
19449
25491
88305
95317
4531
50318
63150
11002
75450
53073
88765
53623
89721
82318
77272
14582
7370
46548
50224
59519
51171
75345
43678
73789
55199
92512
92135
37903
68936
36176
72526
36922
53133
49697
66047
9415
56293
23743
83210
55856
68150
1310
51510
42498
49367
71477
30949
52844
79772
9666
22155
81627
65098
48436
69138
47400
63871
56861
61292
89710
21350
72901
60525
48762
56611
59803
19453
24098
6788
34768
51653
86134
49144
50061
15441
22425
81200
83620
62216
8974
30275
81589
28214
38759
75774
64674
42495
84620
38899
94535
81239
78946
47455
97223
78738
25406
45866
20265
61051
62576
36196
90867
4173
5189
3032
66741
21448
69318
5505
81182
32084
48453
71168
12739
22276
56407
34456
6888
97693
34015
55088
41212
89958
95110
70452
93565
40869
88234
60292
2837
50072
57582
59956
22591
62256
26648
70988
66034
24880
70629
83330
50022
26692
39111
43331
96942
93068
23608
97189
75611
6848
47978
69707
92593
7463
23272
32585
50535
45626
41786
90967
38561
23818
58100
4264
81194
38461
46601
66497
49246
99870
50403
80486
40769
51611
14197
33631
2063
73054
60037
61565
70282
39185
93294
4224
55141
70515
32364
39076
6253
35669
92061
9855
35787
62876
59256
95992
18228
82822
7461
11050
40335
70616
61608
9320
91942
42777
98438
23374
25444
31444
56845
83681
41087
54444
13302
58077
43239
90725
64255
84371
31024
5159
92868
62566
24297
44956
85296
18789
39178
95098
85688
87901
49690
61797
39409
99392
59328
69014
81465
28989
81569
6561
7972
55506
90817
43828
30676
96399
98959
22898
91513
37467
30600
22065
69930
27694
81616
14186
11880
25878
41732
65337
32849
88499
1676
83915
59342
74950
72352
94686
26965
73495
16643
29722
97598
69303
64431
98907
50303
55509
95036
72214
9371
24871
72577
34404
51632
53944
91796
48575
23467
50569
14575
62753
60194
87713
80776
65117
14058
60269
81533
92330
61251
12365
64090
69267
36050
91120
76919
84993
99198
11914
1651
7485
19784
58414
82630
95164
86588
3833
78399
40999
24446
67496
70633
55607
80312
7269
61548
40403
98067
99917
95517
99282
51947
84785
85162
75108
78974
85646
97331
71357
15908
78152
95826
47306
83716
41959
61940
95033
82356
49897
92333
33876
21902
96381
94402
11267
57987
16985
63352
58533
53360
86128
76300
55909
75364
21126
7299
41441
10741
53309
37297
61935
29662
77083
50228
10716
42067
63277
57977
53453
25684
80405
4870
54609
30574
2782
31794
43335
26967
33306
83158
58205
54562
8219
43336
79753
41703
51852
65735
51801
20114
83230
35371
55037
63670
11256
80918
8763
77535
81010
92682
70179
89549
68796
11723
86979
5014
15756
84661
71951
17051
46822
64368
13160
59656
60717
90538
26708
15985
55738
53167
30190
50378
63144
35818
47974
67034
95686
83300
59431
19155
61509
2638
89022
24692
97892
77104
76652
1823
22283
1594
22825
82907
12579
69269
12394
4840
77208
73817
34169
86603
19530
46662
46361
83105
42518
35365
93908
15792
83081
1754
48306
34897
59268
48423
17679
26495
34125
92982
29349
64703
10474
26187
4995
38176
31895
94169
69391
62374
88281
50951
57343
74346
26509
43066
15137
78639
52932
75830
27649
45215
93021
84427
23930
31911
9187
86437
14778
90892
80463
85059
69057
25866
75687
3622
66364
95857
12245
38237
62028
14357
32157
80448
68536
31930
25829
72990
30821
98792
77588
62065
26378
77788
90226
69254
79138
53217
73740
40633
14477
99868
13813
76088
41972
66790
61674
14904
90336
70731
27494
93607
20890
31314
53988
84754
86854
48176
68126
57465
95431
32170
8387
24964
85071
12913
61441
83450
58343
72834
84597
84433
60017
45843
95198
68807
78580
18886
25483
93023
28144
76563
56921
6109
2413
14115
68806
14425
73497
40238
69016
56748
38982
35892
54
11042
81431
77864
2949
68889
17962
50360
16490
52250
97066
91898
39334
2882
16665
39842
63430
54412
15635
82559
60372
49394
76814
613
61211
56348
68349
47602
88457
15831
52824
14482
71228
27385
75504
88924
1744
99749
75664
52540
28895
77903
7645
86000
55898
60586
14866
77143
46578
61944
31382
45735
27517
88684
19009
88475
38207
19287
84125
59622
73690
12564
36198
46046
39341
78626
53040
81920
203
57633
44968
85977
75211
6459
89793
47423
66991
72520
69068
13487
73798
39067
22114
4333
66990
59966
55556
46503
78451
27781
12342
15781
38737
4123
53246
94609
10579
85321
52354
54123
12927
80056
19351
29152
76714
58926
28238
25674
84740
34123
69021
34865
545
49750
64864
79553
96509
97708
44041
45037
50114
10239
56409
70573
14092
75034
99887
90584
67720
64931
11729
2609
23728
89522
15150
51093
8089
88227
61819
89166
1584
99762
19395
10118
98701
47448
68970
36543
95435
28925
67618
40150
11049
10097
32760
37078
49121
97089
56709
65786
50254
94454
20170
5901
90288
67662
48730
64671
33045
38109
96021
78243
30906
68323
42103
29911
13366
5316
38293
11475
48137
58710
15219
41297
50685
75335
98945
9725
18520
69380
50585
3138
90114
93295
52409
50034
32412
38226
53560
15359
72945
33966
95057
78246
47614
42950
97240
46875
3364
47956
81411
80216
67450
49415
55453
12923
51367
92822
31164
88897
94687
26814
7375
80204
71882
75185
12983
68031
89597
13380
46392
89823
99100
21080
39807
29800
79580
25179
62410
80527
74538
44821
33788
8803
99794
98566
25441
80706
81514
73632
73027
62547
45810
84451
64855
40711
56534
4628
87547
88271
87740
99284
75783
90842
50296
90728
49406
47884
82620
45708
55781
17522
72677
20046
48900
55874
41700
74593
39197
48374
12888
38601
73424
19092
59315
64662
40584
70813
29381
90942
42353
74951
91646
61089
16571
63559
55752
26069
94924
53129
7505
25067
83970
44260
7402
80698
23934
36217
51943
26818
5726
46844
43985
51497
20389
92591
81368
852
20871
9559
57530
96077
14039
37219
79059
37869
54869
95530
71076
51878
93922
50688
74398
16573
66460
46912
48686
51785
84179
78144
6905
33415
62578
3854
94606
42582
78840
38541
20131
6716
77018
25698
7464
29715
49381
10114
7528
64737
79989
84268
34252
54936
26070
81172
52953
59938
31466
5889
83279
43426
50954
23505
84175
99428
12240
79420
146
46711
50154
95487
77774
54926
63577
57235
65430
57511
14144
79647
9379
52154
14878
38179
55552
33596
44427
74513
75414
64088
99564
39509
47757
33515
87475
93724
34935
60570
3122
80070
80575
99561
62310
7266
32469
85106
64480
69908
60470
30747
18111
65975
74522
68893
84472
67885
24647
26585
53082
50062
75305
49156
11196
86844
21134
15716
65574
64555
59410
83646
64363
24253
67820
25089
48958
27127
28432
91340
23013
19378
30854
23561
90484
71958
76144
37255
89932
11749
45151
3767
90195
55564
95160
75483
99164
77485
49586
89830
59408
36613
85891
7301
53675
55286
4207
64329
78914
23293
13856
13304
36796
43493
66458
89152
5117
29258
19454
30589
91715
78379
3061
49093
61876
47505
7021
83020
89616
86818
18046
21307
21314
44262
92597
49998
30410
44206
88719
6453
53794
30671
41060
804
82688
27110
82444
68383
27740
64345
15039
33682
13932
69184
71420
51300
70717
91601
8821
95096
44897
78810
1080
20570
11484
57000
18386
91253
55107
76076
77648
39370
69424
49658
58062
137
79429
21737
85638
92622
92133
39352
49983
36204
71660
32654
92824
93196
52928
95283
81624
5421
66750
72118
60255
19379
81463
70474
27497
70653
42858
32605
1128
44513
56976
53042
84638
52382
7573
17354
50466
51533
15456
87236
87567
39581
41363
50210
37922
74738
714
50095
38734
76854
38142
5941
76904
36346
94493
54157
24153
27223
34581
90615
51737
35960
12926
91312
89817
61833
41370
33413
40249
46525
71041
15984
83419
89569
98115
8306
69959
24823
71202
55176
18468
49589
5496
98922
22244
57831
76308
42963
52173
13792
86435
87023
16936
63951
57936
97508
94360
50370
52137
82152
59233
91281
62767
91140
98841
16202
25013
83835
70037
69692
67190
53494
64938
73161
99091
78548
76707
48500
27117
68238
48170
87190
10441
27544
4911
17916
23543
90994
5627
64445
14389
11881
50818
48559
82656
11557
67598
99807
28494
99440
48285
50807
93858
30961
14078
74489
92363
3177
28152
39330
33104
53272
30023
90345
60790
46290
57719
60741
54475
77874
37809
34798
727
28023
51061
58586
10046
61696
32630
89107
58968
19460
17781
58044
31896
58898
36623
61752
11570
11115
17365
76582
83718
11790
95396
81914
37939
56665
31341
36123
18690
68320
88670
38357
83995
50078
22120
93210
82807
54313
44616
11445
8486
77467
89558
81429
41377
29113
9833
67836
11884
51616
13425
97600
54409
84442
73441
68451
79198
23738
89959
29078
82981
44967
89553
64600
27166
55400
85505
60284
18488
58233
63100
61445
99707
12834
87501
995
14208
89960
89766
6340
60521
51418
67805
61147
91416
27151
87378
90201
98174
65014
45804
8818
92245
95660
65081
69012
1396
8832
36216
65842
69847
95341
93562
59110
48488
96015
92791
92161
49751
89114
69352
11033
82575
49579
40339
36781
82241
53474
8522
45725
28891
63266
5403
44301
4252
61064
75459
29129
47312
861
13136
88013
94921
69122
23863
90953
15104
47080
60893
81291
79738
42289
1073
46754
14109
61151
25560
27566
44883
22956
23538
98880
57761
17639
49693
10181
58244
53391
82377
65613
90827
22938
11481
1587
33766
51306
50533
32926
77393
80287
11015
28190
23731
63201
94749
50709
77954
81000
72816
36105
3241
75494
4902
32751
42574
4941
56202
97013
55073
9295
52081
84603
1483
51078
34684
16007
24661
4036
56379
33125
56168
64351
64792
59675
74604
7569
19
85220
56869
36736
6935
15981
23006
58742
21580
24397
39649
24057
51238
32004
1702
36010
78731
70548
75539
40566
10931
35556
54679
6771
8392
85541
98987
53799
83947
96730
42162
95424
14506
22590
97861
19288
45515
1250
21512
19599
37632
6311
18002
39357
32006
94997
49876
85730
15065
94932
56365
6778
68871
61585
86296
80669
32902
67695
52889
8271
4595
19687
85671
45811
23549
1284
90954
95869
45181
87282
83679
95181
5982
52531
41740
35022
82799
85728
26227
73833
45771
30396
51521
27754
82420
44357
7209
49830
86360
13178
37681
48526
22466
12037
51187
27758
62520
77524
40603
96198
80894
41747
3143
52055
4416
55371
82746
59717
51930
46627
42078
88238
90665
21963
55768
16381
41608
37
80124
11744
13142
78248
82889
50619
13822
84660
59077
83485
25512
79169
35476
60365
95329
70380
6277
31948
17026
21869
16966
251
65953
93391
35752
45636
76256
76998
31149
75624
82650
44948
76775
56011
13387
33883
55563
30100
3603
47347
96760
17538
69962
4759
83707
5863
99327
42655
71862
13300
50446
22231
53813
1211
51487
46986
24586
26216
97102
75320
10612
89361
34869
48720
14673
69586
56825
44946
13767
28436
24655
19573
68461
84258
14080
53904
64949
29736
77543
84168
52588
22379
62777
60545
79427
45278
79472
10236
51958
12324
21814
80879
3853
7834
77396
85544
56413
95988
41376
74972
34243
69641
8770
68026
51260
80072
14502
81250
91727
12717
80153
66735
9203
65041
94400
72540
11236
26908
97686
66834
19382
43264
66291
61386
15770
51689
87743
19147
56594
76297
64042
52364
26995
12260
31200
73269
24900
42025
88588
61014
36742
65964
60952
78940
91500
88443
17479
68557
97618
54388
61046
82644
31739
29103
70759
83104
67428
18207
14557
54794
79639
28977
87287
7489
61627
96418
15788
64494
28527
74653
78111
77202
49343
56616
12417
49484
64044
15626
29960
21353
19241
13507
1004
25234
65696
47608
37708
25842
82926
40682
51507
65415
65774
1384
97468
66651
79022
77379
39026
36907
71892
99942
7222
21516
58118
67671
15522
77127
56162
11053
47849
36860
78768
7847
29838
22662
73786
77490
91710
63497
71401
79217
18928
44275
10614
87439
86452
23580
42316
33427
6564
46367
67026
91041
97336
33956
96082
94070
62519
27191
27860
14291
96225
80811
29325
66389
48848
70077
9891
947
97978
97478
89464
8608
35934
92172
50332
88176
1041
16871
19561
80828
87226
76432
22134
79104
84149
10854
3672
24721
60144
44612
84737
66961
50725
62210
52200
24129
35961
71398
29424
42822
977
85603
46111
27501
57599
61233
68354
59280
37496
17975
19528
89291
83215
54085
98096
82638
60725
68138
11161
5000
32937
72222
68744
76746
92957
10773
7111
38475
72832
66849
15152
16288
7540
88951
93541
61732
15237
71045
60815
4327
76770
92965
65442
89414
3471
75838
50844
99241
2144
65465
58245
71339
82646
55994
68402
93451
10962
51502
2112
34429
77942
1282
15121
69772
27353
95379
19410
89915
4591
74619
86577
60822
18502
29435
41120
8417
64755
88351
93817
61209
3966
17871
91227
27231
83389
25918
73543
50026
84964
72198
22
76325
60886
77066
5007
12171
30406
43108
80837
53099
29067
58092
36470
56847
8062
59482
75166
60236
55394
69464
38164
8018
58075
52567
64872
40393
55784
73633
48924
13189
79315
83801
59005
60785
51964
85533
16533
46533
56369
25009
69054
26424
74223
12064
86039
69742
26633
92424
95779
66237
18547
32850
51183
42523
48030
12272
95444
85401
32351
50808
67094
34967
65709
29008
5127
42605
2392
74338
59031
86415
99748
38606
65630
13480
16487
65227
38714
37770
84823
54866
49913
80318
12518
39158
54035
54881
74705
82794
55292
76744
8300
31083
49900
75095
50342
55754
88447
41046
89714
9986
46928
31387
51658
52046
12376
51033
37516
70417
72776
26793
63831
40203
24173
51189
27306
29125
13441
75029
31399
92274
83901
4605
83654
68653
96386
98179
95215
89393
84144
87255
62169
92193
65694
28951
41024
33237
86480
31728
70510
57966
26787
18970
83393
85303
75703
43824
60768
69159
92400
95617
99453
6025
68788
23184
3420
24410
35250
78284
31499
9342
75674
60985
55356
79361
74693
76043
98669
69446
45617
20278
97227
81128
35152
27595
41099
34891
26832
49721
63949
26483
90719
6783
57502
8046
88784
11349
71877
16874
9447
31542
69117
70194
43507
48889
61132
58384
24028
38900
51301
38891
18335
10223
63438
81895
7344
21744
17923
61957
47446
1181
14667
78602
66784
56350
5199
51609
54062
78583
4476
80143
10843
4908
85833
13203
66380
74687
55310
18751
22930
77790
48368
41187
59117
51946
57975
70488
49736
56406
62537
17767
5343
26296
45053
47499
71488
98951
96380
35715
24628
56471
54685
12871
31925
82242
49023
61395
84984
58015
10473
75500
57623
1663
68790
66091
54516
16768
83490
54521
18466
78942
54153
51573
68457
30912
25216
83536
1293
80746
1210
27835
85289
30428
74786
30495
62111
90148
36109
72474
61956
9811
11719
84190
37398
34403
71802
41628
92754
96120
67349
64057
86154
397
95113
438
89854
92257
37465
82864
17999
32384
6686
22987
62478
51868
43764
94705
93096
72504
91742
75959
20969
81607
3991
17299
62548
14364
69137
28287
13574
71889
62988
12715
8412
99515
24277
4890
34788
89850
33933
37425
43156
84359
32755
81338
76961
79238
88639
86889
56744
56698
87951
20904
54242
8381
45197
47932
34558
82660
71159
15777
43350
51771
102
55608
42503
53466
50899
24535
47598
28477
23903
54096
33594
28739
68092
64878
39094
69866
83369
11240
82323
9872
31168
57849
58752
67462
34149
89706
62039
36709
23922
6597
47810
27043
1461
74010
69313
95426
10312
44406
49705
38859
70266
33043
94258
45269
11969
55665
82968
54719
69605
51588
65200
67884
14393
7374
35449
63794
45739
45973
13410
87653
71795
36139
75945
52496
92302
44672
7897
53616
79858
11705
68133
88932
88115
6161
51845
42211
36093
73274
73673
10861
57004
58473
88961
87949
96097
88381
17824
1681
74768
33583
46059
90172
93605
54240
35198
91059
98450
28758
87513
74779
26866
55495
70281
65717
57094
24369
67246
15215
55890
73301
55997
40925
22008
62408
21547
52088
77641
48151
7678
85701
54454
22157
74912
75431
93566
80506
21123
67593
63961
73482
57006
68572
14190
85320
85751
80402
59033
83672
33377
49170
57964
17345
52863
11619
57593
62690
55595
23449
12035
94693
54598
39207
50998
36942
28276
76624
35968
55133
58174
20620
64433
49537
99521
50075
91116
28416
61357
35086
39546
58665
71288
28764
11158
40811
84796
22110
64003
7396
15035
34676
3425
73973
69839
62057
92386
47277
59045
73365
59819
37997
55330
20777
74546
23267
22481
18173
51144
63620
66707
48400
82331
71323
64321
82187
59606
44864
26713
27445
86280
69304
7873
67110
58129
57863
5899
33863
89437
51640
40679
37042
71577
90594
47241
66029
21030
12730
4992
36293
39290
16219
2295
76523
17744
18432
22960
12999
83651
19131
59384
34336
38819
55594
58114
41093
33458
7880
21018
47649
51286
80756
81097
63860
68587
19328
5497
57471
22636
14836
64995
5443
18116
64397
8532
65113
39338
11680
31167
380
79975
20320
46033
6844
10921
97557
68151
51117
71213
54232
18722
62209
45218
49578
35661
12540
54735
69265
42544
52733
54426
88548
59471
84746
12463
65566
14684
563
93701
91037
23129
69127
56950
32617
34800
3036
2069
32757
21966
83937
71716
54621
103
52460
99714
70681
73421
86246
95836
459
32510
31858
770
45542
2917
7782
57126
50099
60161
46221
9917
94093
4752
61870
38518
18826
58339
12894
84341
4474
87078
28173
44679
68449
57041
21527
31079
5715
88074
71218
81521
3842
66626
82281
22934
56398
6170
86691
66781
13911
4377
17237
25025
46976
1049
69349
65233
97001
63622
97561
10850
19105
59916
97050
91783
55470
41414
73850
29024
94981
12626
30362
7827
62881
21112
92575
4767
90821
81528
40842
9779
12791
63184
63505
81698
62672
77425
52529
22693
25506
53555
58432
33345
62470
87018
74171
17210
52090
99030
32649
19603
3034
60308
72042
29595
71443
42567
33126
62731
73290
38499
8314
66892
75468
24308
73744
28384
41350
55521
882
14914
61830
94225
65177
86515
70504
20862
86272
97829
95790
12758
74976
15633
48448
10999
83316
23574
848
81557
40414
43396
47594
94898
69695
15767
95884
54518
64018
24688
97975
72671
34810
59177
70486
46557
53751
91096
14865
31910
28352
88498
2777
18517
20009
56005
98765
35946
63822
59931
12784
24969
50449
78700
24396
54376
31022
1510
21235
5396
33613
31904
2939
68381
58254
95556
99379
77281
28188
18821
83326
56286
77740
64726
78538
73213
22081
11248
2583
45384
7022
99290
6383
91602
78466
96539
11835
38100
81085
64655
71655
59194
59025
56701
90503
9566
81118
80203
78300
97429
62992
8330
93116
28227
88043
48952
69382
79795
78665
84263
64405
75680
34005
74130
49475
85778
72153
92962
49675
65404
66521
60957
58861
31834
47702
53498
63914
42218
48802
2388
69788
37224
41691
90136
32792
19613
48225
97167
80579
68596
61023
77426
26351
83160
78138
31668
55319
59171
76157
94785
21181
55016
19135
5229
50063
38254
71976
15860
22652
82476
51661
98862
3521
3589
17463
51831
62967
73908
1837
54419
54471
57547
46234
65724
84656
48765
80476
49769
78503
37026
38337
11562
85061
94674
75719
18786
61824
27700
67362
52196
22611
72388
40010
52875
14511
81915
70748
16267
88109
63248
92388
95709
32970
99216
46540
75332
52920
9260
90801
39759
84430
65541
12654
55303
15705
43074
64362
71039
16371
34112
42641
72648
68845
91780
4979
26975
10768
94155
33497
27639
66705
13612
90593
89369
86778
17082
99724
60684
43103
13774
87486
62840
57963
54596
49931
67605
86131
54563
20646
41783
68212
9479
51400
41426
7297
12510
43725
14560
5074
77782
63337
28018
44720
58734
10690
66984
7306
74279
64264
97551
89594
7003
46188
74109
59212
32129
77452
69198
71523
57878
84819
85961
64356
81245
14086
7513
62664
46439
86539
74157
30302
57645
95948
98117
41479
88477
62350
11039
23072
25049
76429
47995
39706
42342
23833
51817
53671
51137
96961
6900
45957
58560
56801
53089
14341
24781
40327
10390
24941
15450
79415
5970
30758
777
3010
43021
26150
89000
52644
11991
29948
60030
36396
24664
11714
63011
37970
51380
16437
7369
23513
30253
64342
78494
98788
55145
52188
86890
20554
36813
1471
52573
41689
90356
86600
86902
88286
49172
70361
91918
60780
81576
56133
21261
60663
52776
5629
39913
49694
88695
95252
43681
39232
27954
53044
72752
56851
98826
25816
2592
64908
3084
49803
45024
58547
12803
72938
47916
67865
26034
64320
43005
6804
85591
70809
9958
7787
38873
57818
93999
43162
98099
52807
78046
25317
73606
21177
24218
34611
8909
73549
87350
86529
14065
77492
11499
15454
15492
89849
54841
61152
91621
6375
93020
76087
64786
60831
71546
64834
20082
10593
729
21120
47870
79704
80174
43445
70986
86110
73378
89981
27335
2749
48497
72618
15544
4809
70655
14062
371
69862
61428
53692
21538
53266
20095
73896
25518
72714
66933
75795
85568
45654
92351
99823
35218
33202
65561
39857
33847
87479
80930
58798
87197
28115
29115
57021
46636
53151
48671
25181
30752
45254
39862
90166
98005
64869
68946
87457
57619
62237
8835
64102
29334
86344
85246
64036
30882
51850
89228
54798
66094
24035
35256
22463
98065
70382
83488
20489
28687
9593
97078
70965
7231
95304
13600
38618
63189
45088
67487
6423
73529
91849
61897
7380
9484
33020
91982
39
86693
22940
78054
21946
15579
24286
72952
58824
76737
31497
81006
13230
15938
44798
82710
40592
50307
25478
91660
34918
52830
33765
6218
52019
63244
38471
67201
88383
94853
53047
59522
68879
57119
23417
25178
15757
26359
3368
17281
11551
37747
10142
56736
12353
18457
50978
30697
12003
58204
53568
98928
68701
73069
27680
69125
57858
79460
49991
8692
76167
97803
89163
74556
89601
86641
8317
18914
42514
11495
21121
15909
72143
54396
63078
98814
28872
12470
26178
24087
51892
49723
86838
53500
25435
30607
11755
26726
55266
48707
19934
94983
18410
36642
78311
91465
50665
10042
91030
18619
4177
75452
53830
38097
30401
20665
10141
61835
54028
98100
79533
14679
84936
89466
59389
17728
50878
83498
38139
66565
32405
67403
50273
67070
36145
30354
76680
1075
22384
75402
24658
21767
98264
40301
57604
59904
75477
90902
62396
1600
9306
41532
37816
70793
28827
64633
19047
7316
15166
55207
75124
13071
49513
34559
39953
76304
75478
39015
59022
62108
78574
13482
2297
32116
31434
21118
53
58575
25361
59385
89165
24614
51258
47331
67849
7318
9327
60917
17957
2743
64684
23215
38910
63968
60143
52884
45183
93526
45109
17172
26519
5153
40057
55629
94703
30481
32079
68065
44113
55507
9091
56112
51086
2683
7167
46000
5594
53516
80094
54374
58667
64021
77346
4011
83946
45561
96550
60300
84286
46164
56259
33701
116
50427
16287
67809
58046
76356
36513
65478
5393
28785
74804
54736
95747
97488
52526
25410
29163
84952
25466
79785
42460
29843
85565
3609
59007
94280
90849
15632
87363
31265
99381
68424
35389
95117
84412
22343
27225
31366
56433
5416
26913
75662
17092
72807
4519
6601
53570
63647
70325
9938
52002
17177
57653
27865
82243
90490
98275
57208
96128
54860
13079
13373
75130
1341
75824
20772
49834
94172
13866
43564
91940
88613
18910
47342
75013
94382
72593
97997
23704
45585
3051
46700
27477
61384
15803
57677
85530
33409
99230
99263
75285
48538
15376
61888
58358
51562
2443
1751
56204
61579
70885
15728
21752
74406
61222
64206
57172
82334
99141
24877
31589
44127
65988
64562
67987
36898
43535
53943
52096
503
90885
51838
23388
90324
46212
11071
80955
10692
64099
62295
38806
54714
33675
75385
32088
54647
67149
34563
31511
956
88356
43157
34695
95294
46115
16756
58825
16711
3043
1198
69936
30948
8490
14346
55782
40752
66674
20219
4746
64591
34561
18593
82951
37668
93756
47355
81563
10533
5295
53292
76882
92202
22569
96659
38081
96523
19789
87670
35690
88632
11136
66712
30683
44356
7292
38930
58423
56019
98168
58341
37626
84588
18384
11642
83417
52360
6681
70470
3453
97940
43468
32765
76842
52018
46329
79491
61954
79599
93689
472
98432
53398
47299
67894
6216
18092
15650
83272
72315
25664
6749
82538
99793
40715
4732
73356
19036
43744
85826
51926
14461
68868
5707
18233
9211
51666
30277
94955
68281
23643
77814
42593
4106
9353
72163
91198
40872
66629
63713
8904
12386
37153
49297
98960
78016
72523
28290
34436
58819
42051
16736
90896
62545
22805
8019
97399
8369
12659
57881
89238
26160
99283
64019
15558
42934
93832
43054
61442
25696
72402
31332
2903
44554
40486
76800
84096
72936
57099
98761
95162
68077
63323
74022
67687
509
16906
50845
76773
97382
12120
16278
31700
4858
565
64548
23976
68246
56774
77514
50794
63424
73982
33329
85413
85139
71846
83135
62433
44651
89007
53055
37482
77703
67102
88061
18190
95027
48058
17632
65871
62787
76344
92722
11226
83458
21382
69874
67744
68884
52062
97834
7942
83397
55888
36905
79802
48778
78848
83622
31639
80630
50526
53763
32687
49452
88551
12984
53788
86919
20915
66491
49131
25442
33992
70597
86173
53172
73351
67230
93414
78360
57479
72358
8581
25756
39426
15744
76825
71831
89592
77446
19389
23342
71857
45343
99974
2446
21466
265
21401
10421
19102
37262
55634
93634
38129
81486
56757
81238
12672
16690
78359
5155
82999
7575
15091
48976
56129
74842
43642
77301
79710
89161
53487
51534
97920
95204
26877
77568
79665
20274
55083
8547
95169
57237
68416
46505
2457
36019
35217
77731
35398
24085
24003
65844
19606
29711
67010
13007
40458
72910
28794
89077
92755
89053
51624
90084
68545
10827
63374
44332
55504
75943
11166
17593
79233
60512
78357
51390
22686
70206
23595
65224
10623
51135
12549
86410
11802
21287
67896
71442
87528
27448
59388
87346
35770
52557
19903
8272
49772
30325
30320
20462
37724
54750
19291
72109
37532
78596
60179
88171
2779
79325
21518
45398
74108
66609
65024
42093
36875
89108
41996
64052
91917
15395
60121
89847
36437
87914
77249
75072
39280
98290
32714
27288
61690
27741
38057
49289
82383
63642
8557
97595
10459
38867
78534
47092
41824
90342
84827
60453
52528
86965
96133
77763
54447
59575
86202
54900
34968
2294
19125
67117
78055
35569
49373
32944
19650
2095
40195
60608
40383
73622
82075
63318
82705
56702
89476
13465
38879
24240
39613
99677
96353
46303
47610
53829
68439
65432
24052
55631
4332
1340
99989
55976
30304
70469
53034
78851
54638
31695
85589
58858
43863
3089
67464
6582
73832
61817
35008
77044
93692
41683
49542
49214
49571
27657
15818
74888
20373
20105
64169
70376
94329
11454
14345
50483
60633
1234
37295
4318
10846
97980
39308
97590
41228
47259
3810
29799
90377
52892
64870
11025
96930
12609
52786
54172
15476
38430
77312
82131
91588
60204
6018
60079
94252
95187
35246
18772
10807
35571
63462
1647
84296
53148
60846
79986
65836
65586
9503
55746
7559
58682
74783
48139
30869
61088
35498
1434
3498
20706
70409
19872
18640
60423
73958
66469
30125
67675
39271
68293
78045
33318
4182
59665
99535
27172
55345
35560
31789
74560
95375
16560
28296
4917
6915
25167
18115
98890
52965
77006
18251
9754
26302
2763
47679
99201
26197
1069
81873
20040
1351
13000
87889
91836
31502
69619
91789
62393
92739
29953
66747
953
42699
96740
26872
50861
16727
50757
22168
33234
38868
56328
80956
4451
69656
56199
76147
78560
82166
55750
23676
5638
80137
8202
23679
17466
93538
98541
95640
47177
30347
32527
26059
82417
50992
15115
87327
32112
15445
10746
58097
95853
5933
12049
90630
79593
73229
39661
54998
66082
83029
77131
40324
17640
82010
52911
56685
35148
88410
60021
78405
16319
19191
82121
88154
44578
15030
33738
12243
55812
95163
2419
72800
83630
10352
91200
76062
52335
32893
81939
19587
57868
79790
96648
17761
79782
21060
72891
50852
26176
86030
75143
6599
34859
56176
93654
52865
5835
61383
55350
59833
10865
37100
36630
78869
40916
13057
66343
23659
62415
1480
55687
74493
6611
83306
85986
10531
88830
55375
88237
12557
80663
61126
47225
52403
12647
81636
58315
65612
58794
14134
69086
87467
58558
88953
98261
78549
59544
25072
60931
75517
56216
76682
65899
79649
78977
23287
64638
54711
24444
25176
2106
49610
49860
59147
51014
55932
39886
40261
41028
79494
51542
81755
17515
42793
39818
24424
28412
12529
13746
52305
54696
66599
16928
2241
41156
80601
67194
20507
44046
21713
80933
88417
55707
57634
33169
35991
56684
89358
51477
80068
28378
67700
1601
19089
77806
9227
36321
53598
11682
36275
67571
18089
13393
92579
62891
64383
20197
97073
59054
16415
20666
30177
81780
3864
37395
31184
97828
23732
74407
16792
96899
6258
52803
3686
23226
2600
34278
4600
8440
48079
61109
20316
4023
42348
46192
82762
88032
47296
45873
64281
61057
73195
97036
80656
82761
48370
91448
8846
94828
64398
6391
67259
68594
29314
9664
77643
99729
59933
88442
19980
43635
14567
93325
18007
35170
47508
82438
63862
17275
70413
40166
49839
76595
46802
95828
74258
41620
12360
13789
40461
99112
19999
20257
40624
43707
32847
21664
63726
89879
45584
18100
11353
25463
57786
70974
93904
34290
45776
20954
4957
41643
12129
56364
72338
89244
14399
12641
39437
72190
96882
67493
58848
6735
39115
79235
14961
30005
80158
62712
55294
71235
91544
66859
50156
11326
49623
93848
64527
81113
27309
45900
25379
53953
26311
84142
17238
61786
57428
64353
35594
75667
16882
91803
42130
29583
25689
39541
39946
93340
78714
60628
18370
34040
64400
52770
20360
91653
85979
96246
488
93493
61901
67838
57423
89269
23509
10767
5512
76799
34449
60028
86347
31227
8676
58953
38356
95714
84093
28541
36635
39935
28586
16032
88809
36373
13568
59060
93517
25325
69861
94621
90925
64807
93452
2081
96728
65259
61570
36946
22166
34828
60609
90848
71085
17550
88931
85918
54724
35603
58102
74003
10817
32132
67130
27711
94482
59762
5541
49164
36626
86217
4039
28533
13591
50297
84514
78475
1157
52722
65280
39259
65675
25827
96103
24820
50051
87146
321
92318
72867
29775
83898
48487
26946
84951
65120
92592
58217
83175
96179
53310
11292
32646
95171
85314
67653
3714
81184
4741
61841
14611
5883
15559
88836
44093
46815
47577
94067
76272
87718
49188
9756
61248
91695
85842
12885
12058
2919
77546
58370
79200
27252
79610
27311
71382
51007
98632
68418
44922
38330
3140
15159
11522
58392
5957
73572
32631
35119
14803
81727
51416
30311
20387
26193
93723
58023
74056
25262
45140
99117
62991
37822
6392
98797
88994
90846
14376
43471
15310
40615
50435
82670
20803
61698
82486
68292
55780
51676
91659
64894
16364
99011
68231
32265
12221
84829
54541
48971
8397
42018
72645
79775
32063
25747
37833
91914
53653
30954
73253
55946
59509
48545
93674
8663
21472
39983
87525
62900
84538
93133
49341
45200
85952
65776
90187
79130
3702
86260
69475
58493
8444
46206
49258
95839
53276
9773
60823
28363
36713
38550
3096
84551
66793
39918
27229
89865
82953
61921
20551
57607
405
56191
12468
20880
13721
86948
82633
1467
2969
13346
50975
11712
70830
84859
4009
16274
56710
32811
32626
53210
95209
59423
52946
44441
28162
16539
8138
14130
33284
17201
19857
29813
44402
7175
63142
5747
10788
92764
71007
18030
75887
81297
91457
32103
5145
84845
64901
72505
34971
98970
27446
67367
20063
77547
96281
27684
32928
84287
40940
8422
37778
48021
80704
78141
90754
37285
1548
6432
56622
70241
4755
94015
91670
63564
85307
20184
51855
72243
63253
63776
5712
21514
53958
26055
51292
88692
21507
28766
47934
12098
97799
10997
73096
15134
86740
30145
61646
54180
37342
1207
86833
56079
12485
38937
94794
79573
2894
12317
64338
42425
20882
50976
43990
16260
39647
8938
94610
15930
85732
38380
39142
83284
86869
47314
69371
55616
57276
66370
39855
39506
85892
73756
1547
61399
76871
94383
94855
80221
19185
32973
45961
38140
90718
22513
17424
85044
38939
52098
26784
82163
84633
80475
67170
96775
85953
89058
99266
73327
72080
85434
77652
55380
49181
54102
54501
5706
1653
29333
22394
48136
85198
63566
23484
99795
92735
9190
37484
1516
39894
70807
98868
82763
25602
57040
44285
54216
82795
76969
40702
96260
70563
98223
50039
74507
55912
18702
98660
71277
93311
85629
61063
34414
45204
85197
54934
32954
28964
79556
47431
40962
81894
58383
14344
17646
81892
38159
57445
69062
47191
17138
55723
96840
18634
1668
93024
85049
17380
88955
29789
57251
55351
72941
94203
6063
51283
15074
18613
87684
50522
59946
33160
76188
29592
53224
22570
63075
76249
42886
69031
63113
5165
8515
59631
47437
17146
64071
92375
17837
80572
63185
56256
89480
76242
50591
4807
45712
59305
23668
54345
45147
90091
11687
67044
90060
75613
68741
63525
70113
9254
54831
16726
69236
49838
62177
7031
33656
59084
7471
91699
31642
61452
10504
17425
27473
6837
72549
13844
20785
60366
49358
16699
13603
43485
16164
43533
83680
35821
55814
30778
47377
42717
23503
62247
91345
71100
34189
79799
50511
94235
4071
40688
85987
22300
78544
66751
66176
92466
82274
84912
81480
38702
46740
72774
47352
54990
46713
56449
21493
56416
75582
4769
31277
585
89475
35675
28169
61306
35627
33516
42368
20060
24677
38280
99738
83802
9286
57554
67346
10380
56830
60564
64339
33759
57586
19119
50218
91535
342
22478
14396
66817
55072
44732
64278
52216
92262
75997
25971
53428
44857
29862
68379
65175
70163
54183
57206
14665
84260
37407
57316
76892
81957
2893
23861
35356
41638
24019
61767
80511
45445
93839
68917
20569
36434
73363
84057
29633
80843
39485
71992
64701
25621
9604
77146
86954
60836
2233
35382
96677
46873
9599
6559
31771
5544
5142
21948
84100
62454
62125
8353
72227
38648
94886
70387
67785
8642
60083
90750
75314
35034
66795
72179
28073
93633
65708
18855
68764
9780
11578
45768
66440
67533
20705
31691
37188
95082
99039
16419
46017
83724
3601
32625
51757
28889
1353
29682
89819
34321
69264
49443
10794
3491
32534
81904
60856
56223
33065
79220
71259
71984
57381
74894
71899
71812
84802
50573
11825
50735
45360
26935
79744
71011
58580
69204
4892
56320
48951
87898
51575
77368
43073
28252
65132
78036
90857
63163
60524
73358
70129
12537
51154
66772
61426
49684
87185
53027
35038
80888
791
61462
6028
82722
22284
27707
16760
82229
32363
33996
36330
39179
17186
10587
25138
35711
55408
45017
55039
71064
30826
11612
67823
8587
45351
39309
12268
24180
83444
99101
83997
15474
88751
83497
29186
17314
26195
76766
97432
13882
76987
79455
32874
39149
47321
34164
42689
97988
6857
48998
48059
20031
43747
23824
35546
86182
58422
68739
57018
65597
99544
69559
8165
85827
91847
53708
12892
51426
73504
19744
46494
6822
60334
38165
37405
87398
72086
59319
46852
29495
93371
49859
6104
58838
63232
99647
90871
51305
95157
45144
59411
43781
72647
55951
45557
1267
29611
81837
82972
35698
32249
83840
17694
69438
90862
39628
76116
91775
98597
90106
90034
3977
53012
68217
20608
24694
51435
46470
14996
18281
43935
77084
6752
51378
37896
40307
20947
34904
17001
13816
84170
46243
54133
12729
12496
94613
48256
88745
50662
43029
82406
92524
19908
10859
9588
90713
79033
6110
25538
4895
61838
14165
40340
8474
10272
73450
60855
40264
41655
92369
78506
58482
85678
33075
68002
99360
48466
97218
63886
27246
95073
58490
22592
83519
44629
43555
66736
95129
9042
40657
57835
12805
48328
3585
52643
55228
4026
77087
90881
38523
73537
84246
54457
91316
58299
52025
36231
97706
82873
56614
93921
75419
23666
58348
79064
93869
50429
57758
23299
99553
61920
86440
62158
33336
4018
99737
81815
81272
43166
84920
61424
33726
51041
81980
88852
96678
57244
90137
71123
88020
64643
6325
59925
37925
93597
97409
63714
42296
82308
36507
98618
73210
73836
13598
9570
24264
28123
25759
28284
18710
96257
75075
62484
68188
48784
64325
81016
9165
85135
24123
9622
67137
15052
96858
32839
12853
54590
4603
86970
43982
82717
66238
44384
55810
47706
86228
15046
43207
47626
78855
38196
35907
10483
58498
51835
22312
20707
19049
14839
68593
79317
90001
47660
75447
22181
91394
58670
41930
59723
47075
95847
94817
1260
94766
86151
85131
39730
49173
61599
75697
63381
76940
12942
2327
31637
9849
30911
14217
93532
91187
9425
96037
25628
33259
53038
95509
63049
58427
99067
67555
62595
67490
27262
9933
24239
64308
91332
43544
68250
56796
63887
66282
55405
82893
66870
8993
5936
98425
85810
26186
81032
78846
51554
23909
87292
22054
63090
40860
70175
90535
53098
99987
59267
35839
10244
78276
77728
99590
22992
94860
20524
55916
73095
77354
73186
40269
2038
84884
1388
48897
32504
12482
1700
54491
81377
94184
86872
77114
28028
22842
53805
13210
3549
51271
99354
7718
23053
13252
37051
33232
94036
55597
81044
36481
64359
65983
86648
10499
68101
73396
18349
71019
78658
41085
94152
71134
93993
51891
21077
4154
87678
56808
49503
82404
60301
79161
37870
12558
56818
24311
27388
89741
32423
80796
92215
23030
91979
85914
45062
24854
97318
49821
13474
63977
91702
43826
42044
48395
36645
45871
51066
81257
19136
60884
8535
50712
56220
30355
49933
9456
73751
62032
38517
27773
82110
21015
92578
98487
56207
92901
98070
61396
36992
37616
45379
49045
8805
71936
67178
88674
71838
44936
99407
88990
5737
41066
54631
37194
49819
62400
54400
79957
56586
41565
69140
57519
86126
97924
68692
68738
38680
18721
76549
73337
71456
4300
52110
5220
43121
16517
79828
87494
53111
87551
23952
61366
76478
85379
17022
97502
95996
33714
82920
22330
98842
32028
28076
56887
36698
15238
33330
59321
74919
7996
94481
55086
56073
52219
5034
96966
69752
31619
21568
53508
86918
20179
99764
62657
69703
22783
22149
92980
28331
92506
99536
42572
64440
90814
90741
19150
6001
78199
46741
41594
73931
76827
60881
20883
58606
94289
89938
1897
95542
80467
15739
87913
22440
30073
5223
17078
12728
92485
24058
39919
96653
14871
72894
89640
54356
48534
92546
98354
35172
50977
66693
98537
55640
63722
91112
83533
82781
38145
48389
36425
67567
98860
8331
99546
74359
6708
44780
86491
77654
52708
67146
73720
15
13324
88420
51178
81455
93676
40744
72097
47128
96514
5113
77304
61699
19251
90022
97906
88440
64680
41887
54045
68479
43248
39302
3211
2889
74435
35831
83114
68070
20339
50328
74183
67658
9571
55807
35550
96131
92596
6466
36385
87214
43123
33350
81650
83348
98891
67928
21326
22684
85802
67309
59840
71306
911
48689
64520
93172
68098
39947
77236
27968
47349
98935
29450
8051
21458
83914
5377
50143
57392
6053
87694
95386
70579
80082
35075
29340
44062
62898
70146
29082
22623
31849
17067
96123
67304
67532
71638
78208
60942
31899
56143
46282
95554
94342
52212
66682
66210
96565
9904
89800
7358
10424
36445
8639
98214
79283
13830
80029
40748
72307
65531
56802
28507
41566
64733
43846
24736
1236
70295
80087
81851
52261
29668
15494
36802
97692
47028
11789
71681
5772
26596
76335
12799
69237
75406
87837
11794
44159
11471
23167
65407
85868
95936
16537
11915
72067
67013
49580
46580
35285
70001
31308
43652
96358
68142
25563
15143
82640
84407
44680
94748
49583
28221
9877
83765
70477
71495
66839
6209
88586
97448
53564
69776
77792
74648
45377
68875
88923
93978
56901
21778
47036
50984
35701
1044
97385
29970
12946
14826
70742
42962
81130
54174
80900
61591
34346
20025
51039
22085
33463
79859
31418
27679
62280
21210
58225
41039
3626
65743
70341
96655
40585
89299
61801
57337
44044
18183
81135
29938
90964
54047
55412
84435
52641
99267
34033
45055
95897
92946
80302
75168
55735
70314
66666
22249
45691
81364
62863
75585
26615
65719
84364
85712
78833
71222
16277
28254
96478
92681
13557
3067
21410
86662
60139
69060
24439
223
60933
37217
87355
48087
14139
28177
20240
91681
3689
88593
81379
86369
59498
42540
85355
89533
38535
38310
34287
87736
75654
68735
32916
61278
45937
91838
45350
16781
48070
69321
44385
5023
74708
43912
1822
65667
51281
98201
6706
11152
85009
77292
12469
35914
47372
83894
3917
29202
54086
8466
5252
75446
35625
3653
48262
25188
287
74702
80387
92242
13403
49390
32802
38225
58038
75266
51409
77050
19312
98266
97084
9270
39191
39328
50950
53423
38808
42814
58344
2618
86671
61054
11257
63599
99954
57919
59459
99861
79010
13389
2398
1121
51605
77142
51721
53052
51619
59550
64616
87395
28361
15442
50235
63683
32358
6958
60244
65382
84503
774
35429
83072
45316
85000
3522
68465
45690
22345
54487
65959
58740
66692
54700
36900
73887
69681
2620
21626
7097
29140
62598
14183
40609
13097
33689
1503
66686
54589
86122
57656
60835
98281
58863
11262
41476
62949
75226
75798
29807
61256
16583
2166
71181
83909
27339
45173
24818
98549
931
37813
57379
89209
38155
60786
41877
71018
22383
54233
75119
88153
23037
33455
59218
92431
7501
58654
2076
15343
84240
84
45385
60753
23153
67092
5483
8623
5779
3179
18909
1195
58335
10279
58910
23020
78333
66074
38204
36494
53188
50222
44852
65929
